(* ::Package:: *)

(* Top level vacuum graphs with canonical labels *)
(*Commented out are secretly contacts*)

ntop = 14;

top[1]={{1, -11, -2}, {2, -7, -3}, {3, -8, -4}, {4, -9, -5}, {5, -10, -1}, 
  {-12, 13, 11}, {-13, 14, 7}, {-14, 15, 8}, {-15, 6, 9}, {-6, 12, 10}}
 
top[2]= {{11, 1, -12}, {13, -2, -11}, {2, -7, -3}, {3, -8, -4}, {4, -9, -5}, 
  {5, -10, -1}, {-13, 14, 7}, {-14, 15, 8}, {-15, 6, 9}, {-6, 12, 10}}
 
top[3]={{1, -11, -2}, {2, -7, -3}, {3, -8, -4}, {4, -9, -5}, {5, -10, -1}, 
  {-12, 13, 11}, {-13, 14, 7}, {15, -14, 6}, {9, 8, -15}, {-6, 12, 10}}
 
top[4]= {{-2, -12, 11}, {-11, 1, 13}, {2, -7, -3}, {3, -8, -4}, {4, -9, -5}, 
  {5, -10, -1}, {-13, 14, 7}, {-14, 15, 8}, {-15, 6, 9}, {-6, 12, 10}}
 
top[5]= {{1, -11, -2}, {2, -7, -3}, {3, -8, -4}, {4, -9, -5}, {5, -10, -1}, 
  {-12, 13, 11}, {-13, 14, 7}, {8, 6, 15}, {-15, -14, 9}, {-6, 12, 10}}
 
top[6]= {{11, 1, -12}, {13, -2, -11}, {2, -7, -3}, {3, -8, -4}, {4, -9, -5}, 
  {5, -10, -1}, {-13, 14, 7}, {15, -14, 6}, {9, 8, -15}, {-6, 12, 10}}
 
(*top[7]= {{11, 1, -12}, {13, -2, -11}, {2, -7, -3}, {3, -8, -4}, {9, 4, -15}, 
  {6, -5, -9}, {5, -10, -1}, {-13, 14, 7}, {-14, 15, 8}, {-6, 12, 10}}*)
 
top[7]= {{11, 1, -12}, {13, -2, -11}, {2, -7, -3}, {3, -8, -4}, {4, -9, -5}, 
  {5, -10, -1}, {14, -13, 15}, {8, 7, -14}, {-15, 6, 9}, {-6, 12, 10}}
 
top[8]= {{-2, -12, 11}, {-11, 1, 13}, {2, -7, -3}, {3, -8, -4}, {4, -9, -5}, 
  {5, -10, -1}, {-13, 14, 7}, {15, -14, 6}, {9, 8, -15}, {-6, 12, 10}}
 
top[9]= {{11, 1, -12}, {13, -2, -11}, {2, -7, -3}, {3, -8, -4}, {4, -9, -5}, 
  {5, -10, -1}, {-13, 14, 7}, {8, 6, 15}, {-15, -14, 9}, {-6, 12, 10}}
 
top[10]= {{1, -11, -2}, {2, -7, -3}, {3, -8, -4}, {4, -9, -5}, {10, 5, -6}, 
  {12, -1, -10}, {-12, 13, 11}, {-13, 14, 7}, {8, 6, 15}, {-15, -14, 9}}
 
top[11]= {{1, -11, -2}, {2, -7, -3}, {3, -8, -4}, {4, -9, -5}, {5, -10, -1}, 
  {-12, 13, 11}, {14, -13, 9}, {-15, 7, -14}, {8, 6, 15}, {-6, 12, 10}}
 
(*top[13]= {{11, 1, -12}, {13, -2, -11}, {2, -7, -3}, {3, -8, -4}, {9, 4, -15}, 
  {6, -5, -9}, {5, -10, -1}, {14, -13, 15}, {8, 7, -14}, {-6, 12, 10}}*)
 
top[12]= {{2, 11, -7}, {-3, -12, -2}, {-11, 1, 13}, {3, -8, -4}, {4, -9, -5}, 
  {5, -10, -1}, {-13, 14, 7}, {15, -14, 6}, {9, 8, -15}, {-6, 12, 10}}
 
(*top[15]= {{1, -11, -2}, {7, 2, -13}, {14, -3, -7}, {3, -8, -4}, {4, -9, -5}, 
  {10, 5, -6}, {12, -1, -10}, {-12, 13, 11}, {8, 6, 15}, {-15, -14, 9}}*)
 
top[13]= {{1, -11, -2}, {2, -7, -3}, {3, -8, -4}, {9, 4, 14}, {-13, -5, -9}, 
  {5, -10, -1}, {-12, 13, 11}, {-15, 7, -14}, {8, 6, 15}, {-6, 12, 10}}
 
top[14]= {{1, -11, -2}, {2, -7, -3}, {3, -8, -4}, {4, -9, -5}, {5, -10, -1}, 
  {-12, 13, 11}, {14, -13, 9}, {-15, 7, -14}, {6, 8, 12}, {10, 15, -6}}
 
(*top[18]= {{11, 1, -12}, {13, -2, -11}, {2, -7, -3}, {3, -8, -4}, {15, 4, 14}, 
  {-13, 9, -15}, {6, -5, -9}, {5, -10, -1}, {8, 7, -14}, {-6, 12, 10}}*)